0 1.00000000e+00
1 1.37746485e-01
2 3.66895179e-02
3 1.64088927e-02
4 8.17808950e-03
5 4.77156411e-03
6 2.77197765e-03
7 1.84681352e-03
8 1.23505273e-03
9 8.97494218e-04
10 7.21232542e-04
11 5.97652281e-04
12 4.52610278e-04
13 3.36184418e-04
14 2.41837491e-04
15 1.81024322e-04
16 1.48591466e-04
17 1.29982930e-04
18 1.07880784e-04
19 8.55368882e-05
20 7.46457011e-05
21 6.63511138e-05
22 6.04221394e-05
23 5.28776278e-05
24 4.57578723e-05
25 4.02987083e-05
26 3.48021498e-05
27 3.04689908e-05
28 2.61222304e-05
29 2.16412544e-05
30 1.71079242e-05
31 1.38137000e-05
32 1.12150899e-05
33 9.56310768e-06
34 8.06911852e-06
35 7.11747930e-06
36 5.75924403e-06
37 5.57912822e-06
38 5.48858179e-06
39 5.71389124e-06
40 5.25051844e-06
41 4.82997887e-06
42 4.31952255e-06
43 3.96504908e-06
44 3.36652330e-06
45 2.67438871e-06
46 2.20156701e-06
47 1.91053053e-06
48 1.80835515e-06
49 1.65441766e-06
50 1.40509506e-06
51 1.25376138e-06
52 1.07429417e-06
53 9.10614540e-07
54 7.12852297e-07
55 5.35661586e-07
56 4.19898381e-07
57 3.31605913e-07
58 2.58879079e-07
59 1.98467034e-07
60 1.48220551e-07
61 1.09089545e-07
62 7.51262258e-08
63 5.89631628e-08
64 4.66024793e-08
65 3.53767142e-08
66 2.56986741e-08
67 1.99288761e-08
68 1.57844154e-08
69 1.29324950e-08
70 1.00385667e-08
71 7.89687074e-09
