0 1.00000000e+00
1 1.37747439e-01
2 3.67238328e-02
3 1.64756760e-02
4 8.23285261e-03
5 4.80075801e-03
6 2.78436100e-03
7 1.88475646e-03
8 1.31425648e-03
9 1.02440152e-03
10 8.26561652e-04
11 6.62500982e-04
12 5.01642970e-04
13 3.62545721e-04
14 2.58498033e-04
15 1.76833581e-04
16 1.32058614e-04
17 9.77245944e-05
18 7.19637604e-05
19 5.66351472e-05
20 4.91875231e-05
21 4.25123901e-05
22 3.85628099e-05
23 3.68761233e-05
24 3.83670985e-05
25 3.91498925e-05
26 3.66638406e-05
27 3.32090482e-05
28 2.91412662e-05
29 2.63154517e-05
30 2.32117739e-05
31 1.99358067e-05
32 1.63853721e-05
33 1.47131022e-05
34 1.29147162e-05
35 1.19325715e-05
36 1.17306585e-05
37 1.17346859e-05
38 1.17310282e-05
39 1.21731394e-05
40 1.32523902e-05
41 1.29966950e-05
42 1.12103642e-05
43 8.49163658e-06
44 6.66341647e-06
45 5.98121131e-06
46 5.81572132e-06
47 5.01532949e-06
48 4.16184075e-06
49 3.33084445e-06
50 2.65630969e-06
51 2.30904072e-06
52 2.00645214e-06
53 1.68975949e-06
54 1.41462451e-06
55 1.20618812e-06
56 1.05016572e-06
57 9.62050387e-07
58 8.51569450e-07
59 6.86433112e-07
60 5.76145892e-07
61 4.94315638e-07
62 4.02078019e-07
63 3.23276732e-07
64 2.63137771e-07
65 2.18236431e-07
66 1.76205562e-07
67 1.49289125e-07
68 1.18874687e-07
69 8.60495938e-08
70 6.25640912e-08
71 4.48554714e-08
72 3.04888433e-08
73 2.11583544e-08
74 1.56306438e-08
75 1.12272271e-08
76 7.61048149e-09
