0 1.00000000e+00
1 1.48185518e-01
2 5.36497877e-02
3 2.30864026e-02
4 1.12464806e-02
5 6.47678183e-03
6 4.03910633e-03
7 2.56389765e-03
8 1.77930420e-03
9 1.18768729e-03
10 7.94274406e-04
11 5.51680097e-04
12 3.90952222e-04
13 2.78651259e-04
14 1.78147675e-04
15 1.24956156e-04
16 8.67852201e-05
17 5.79148352e-05
18 3.94547163e-05
19 2.70275400e-05
20 1.96360308e-05
21 1.38592487e-05
22 9.22972008e-06
23 6.34949940e-06
24 4.33338274e-06
25 3.04363964e-06
26 2.13361982e-06
27 1.43585328e-06
28 9.89845120e-07
29 6.93241052e-07
30 4.80592994e-07
31 3.17406528e-07
32 2.20707012e-07
33 1.40650302e-07
34 9.27452317e-08
35 6.25903923e-08
36 4.67507385e-08
37 3.15375891e-08
38 2.01581623e-08
39 1.32239662e-08
40 8.35011589e-09
