0 1.00000000e+00
1 1.48282730e-01
2 5.36852261e-02
3 2.30504748e-02
4 1.11867121e-02
5 6.39411687e-03
6 4.00201223e-03
7 2.52003419e-03
8 1.73028984e-03
9 1.14418852e-03
10 7.50722846e-04
11 5.17672611e-04
12 3.61236934e-04
13 2.59597117e-04
14 1.66910871e-04
15 1.15533881e-04
16 7.94679778e-05
17 5.22886759e-05
18 3.47927324e-05
19 2.26677453e-05
20 1.60861262e-05
21 1.11521414e-05
22 7.46217695e-06
23 5.19368734e-06
24 3.71684795e-06
25 2.56532351e-06
26 1.82549501e-06
27 1.22574137e-06
28 7.99361795e-07
29 5.51392962e-07
30 3.84426377e-07
31 2.56639674e-07
32 1.68275826e-07
33 1.08758512e-07
34 7.74650653e-08
35 4.89791169e-08
36 3.38272799e-08
37 2.37892051e-08
38 1.64532672e-08
39 1.11019770e-08
40 7.23879898e-09
