1.94802603e-02
2.47625991e-02
3.30150223e-02
4.61208348e-02
5.98111377e-02
7.85171178e-02
9.76788961e-02
1.00141627e-01
1.15348939e-01
1.38988741e-01
1.49284568e-01
1.75857679e-01
2.01205466e-01
2.38228539e-01
2.60847536e-01
2.87644864e-01
3.28112719e-01
3.45811429e-01
3.75575388e-01
4.09852072e-01
4.48534484e-01
4.89547511e-01
5.12906897e-01
5.42798866e-01
5.86560780e-01
6.29569165e-01
6.71580749e-01
7.04794476e-01
7.50935066e-01
7.91463265e-01
8.31382225e-01
8.65979862e-01
9.04639454e-01
9.46135636e-01
9.84541579e-01
1.00694781e+00
1.04483794e+00
1.08399089e+00
1.12019122e+00
1.15707433e+00
1.19215484e+00
1.22591924e+00
1.25616173e+00
1.28119103e+00
1.30430957e+00
1.33028310e+00
1.35543280e+00
1.38250379e+00
1.40100751e+00
1.42331424e+00
1.43960680e+00
1.45287223e+00
1.46953371e+00
1.47993861e+00
1.48753149e+00
1.49858058e+00
1.50579003e+00
1.50833403e+00
