4.88722450e-03
6.87792391e-03
1.27755770e-02
2.25587489e-02
3.45620147e-02
4.24572147e-02
5.01925724e-02
5.40167388e-02
6.96280148e-02
7.02594075e-02
8.81075696e-02
1.07813688e-01
1.10510023e-01
1.22910040e-01
1.47892019e-01
1.57539657e-01
1.68956904e-01
1.92779424e-01
2.09789282e-01
2.30483876e-01
2.51723144e-01
2.80427365e-01
3.08391506e-01
3.16985003e-01
3.38008580e-01
3.66341258e-01
3.90552604e-01
4.11560746e-01
4.45582681e-01
4.67697385e-01
4.86819256e-01
5.18990351e-01
5.43472502e-01
5.64011391e-01
5.90042156e-01
6.24439066e-01
6.55892938e-01
6.80062569e-01
7.10666774e-01
7.42633390e-01
7.69920964e-01
7.99882879e-01
8.26325010e-01
8.53578934e-01
8.83328796e-01
9.11715900e-01
9.42409903e-01
9.69199807e-01
9.95920579e-01
1.01380646e+00
1.04213666e+00
1.06833815e+00
1.09586796e+00
1.12306071e+00
1.14928454e+00
1.17661720e+00
1.19811622e+00
1.22451354e+00
1.24770383e+00
1.26612040e+00
1.28457844e+00
1.30272283e+00
1.32261990e+00
1.34107602e+00
1.35855495e+00
1.38037710e+00
1.39395879e+00
1.40692564e+00
1.42551767e+00
1.43890299e+00
1.44957442e+00
1.45730698e+00
1.46998080e+00
1.47894249e+00
1.48534366e+00
1.49479753e+00
1.50064719e+00
1.50582959e+00
1.50833738e+00
1.52733200e+00
1.54591079e+00
