1.43649442e-03
7.06362401e-03
1.28440208e-02
1.82024125e-02
2.38311423e-02
3.47423925e-02
3.51735023e-02
4.00647200e-02
5.64520418e-02
6.31750855e-02
6.66522019e-02
7.22690094e-02
8.68729767e-02
1.06555533e-01
1.07465602e-01
1.25518808e-01
1.48182821e-01
1.52416803e-01
1.71957001e-01
1.82855332e-01
2.04083899e-01
2.17757084e-01
2.39850906e-01
2.57786094e-01
2.82274862e-01
3.07589055e-01
3.18517671e-01
3.37399403e-01
3.66665944e-01
3.76627829e-01
4.13888724e-01
4.36600322e-01
4.65587097e-01
4.84660760e-01
5.14835300e-01
5.44750623e-01
5.75094212e-01
6.02579070e-01
6.32134128e-01
6.63829919e-01
6.94164183e-01
7.21080792e-01
7.48917478e-01
7.81218110e-01
8.17499660e-01
8.53250252e-01
8.86915649e-01
9.20402872e-01
9.54565248e-01
9.90170495e-01
1.01639885e+00
1.05527335e+00
1.09308751e+00
1.13028946e+00
1.17045170e+00
1.20680485e+00
1.25576244e+00
1.29060333e+00
1.32110049e+00
1.35636062e+00
1.39704822e+00
1.44051826e+00
1.47868589e+00
1.50833091e+00
1.55603534e+00
1.59551141e+00
1.63073220e+00
1.67481925e+00
1.72082229e+00
1.76041447e+00
1.80301406e+00
1.84613921e+00
1.88528294e+00
1.93296545e+00
1.96665069e+00
2.00674383e+00
2.03870616e+00
2.08199415e+00
2.12455349e+00
2.16875717e+00
2.20982392e+00
2.24995148e+00
2.29053690e+00
2.32101773e+00
2.35589498e+00
2.38582484e+00
2.41356455e+00
2.48469449e+00
2.60629177e+00
2.66260914e+00
2.68325756e+00
2.70512009e+00
2.74188414e+00
2.78642919e+00
2.79170701e+00
2.91664200e+00
2.93802330e+00
2.95658139e+00
2.97613777e+00
3.00832267e+00
3.03490284e+00
3.05626246e+00
3.09329201e+00
3.11514511e+00
3.12671206e+00
3.15495981e+00
3.15762481e+00
3.49609618e+00
3.54705147e+00
3.55436333e+00
3.62196486e+00
3.62861840e+00
3.67672388e+00
3.68653647e+00
3.72383483e+00
3.74293256e+00
3.75624462e+00
3.77867294e+00
3.79535766e+00
3.83043396e+00
3.86135465e+00
3.88993571e+00
3.91231900e+00
3.93479663e+00
3.95867415e+00
3.97367782e+00
4.00139152e+00
4.01581022e+00
4.03825953e+00
4.05909435e+00
4.06953831e+00
4.09116434e+00
4.10789285e+00
4.12589492e+00
4.14375568e+00
4.18234420e+00
4.18403273e+00
4.19322285e+00
4.21020116e+00
4.23844750e+00
4.24194636e+00
4.26039618e+00
4.28043918e+00
4.30172322e+00
4.31853077e+00
4.33692156e+00
4.35897011e+00
4.38818793e+00
4.38885860e+00
4.39335876e+00
4.43377134e+00
4.47741536e+00
4.48114314e+00
4.48238293e+00
4.48565898e+00
4.74902633e+00
4.74902633e+00
4.74902633e+00
