6.15617442e-03
8.39454877e-03
1.57149107e-02
2.78341559e-02
4.73092527e-02
5.26094402e-02
5.73287155e-02
6.17145113e-02
7.53422222e-02
9.05664932e-02
1.03486417e-01
1.17575088e-01
1.35135825e-01
1.45305624e-01
1.60636481e-01
1.85815502e-01
2.04713469e-01
2.27002787e-01
2.43770394e-01
2.73196950e-01
3.11694419e-01
3.38234792e-01
3.56838638e-01
3.72718436e-01
4.15063389e-01
4.50752515e-01
4.73946293e-01
5.05355771e-01
5.39619248e-01
5.80654507e-01
6.11876196e-01
6.43308351e-01
6.82684122e-01
7.23935113e-01
7.61908238e-01
8.01411346e-01
8.38467372e-01
8.84452555e-01
9.24896155e-01
9.66070340e-01
1.00211698e+00
1.04754603e+00
1.09285944e+00
1.13783449e+00
1.18339129e+00
1.22959225e+00
1.27820978e+00
1.32314915e+00
1.36122354e+00
1.43567277e+00
1.46011603e+00
1.53147398e+00
1.57900495e+00
1.64132309e+00
1.69375702e+00
1.73905776e+00
1.77880529e+00
1.83179147e+00
1.87876708e+00
1.93149135e+00
1.98918146e+00
2.01933996e+00
2.06918661e+00
2.12064555e+00
2.17017680e+00
2.23119609e+00
2.27887993e+00
2.33143971e+00
2.38096911e+00
2.42477484e+00
2.47553701e+00
2.53630298e+00
2.56486471e+00
2.61161633e+00
2.77923265e+00
2.79882532e+00
2.82244071e+00
2.88683161e+00
2.91183409e+00
2.95521171e+00
2.99683345e+00
3.03694123e+00
3.08173507e+00
3.13523690e+00
3.16017412e+00
3.18162891e+00
3.26249211e+00
3.28119380e+00
3.29967064e+00
3.32962230e+00
3.35491534e+00
3.64859832e+00
3.66746908e+00
3.69025913e+00
3.74007089e+00
3.75900360e+00
3.77252856e+00
3.83908460e+00
3.88216009e+00
3.89648982e+00
3.91173040e+00
3.93421215e+00
3.96808199e+00
3.97867732e+00
3.99831662e+00
4.01296653e+00
4.02896653e+00
4.04681721e+00
4.05810143e+00
4.09043949e+00
4.10363564e+00
4.11811336e+00
4.12606959e+00
4.14852254e+00
4.16831664e+00
4.16894903e+00
4.17392805e+00
4.24888505e+00
4.33237302e+00
4.34790066e+00
4.41320322e+00
4.41320323e+00
4.51649903e+00
4.51649903e+00
4.62330487e+00
4.62330487e+00
