1.17463105e-02
2.89158242e-02
2.92110478e-02
4.61485758e-02
5.70674704e-02
5.75613217e-02
8.35844003e-02
9.83267352e-02
1.03988649e-01
1.40068504e-01
1.44303738e-01
1.77263703e-01
1.91230155e-01
2.32817117e-01
2.43450187e-01
2.74367699e-01
3.08530923e-01
3.55289874e-01
3.72193191e-01
3.96793004e-01
4.53400353e-01
4.83324611e-01
5.14293563e-01
5.66434132e-01
6.10685907e-01
6.54593165e-01
7.06732824e-01
7.47893637e-01
7.98261161e-01
8.45170274e-01
8.99687135e-01
9.52098629e-01
9.99823910e-01
1.05274896e+00
1.11247091e+00
1.17132482e+00
1.24352252e+00
1.29405360e+00
1.33297822e+00
1.40794887e+00
1.45805479e+00
1.51644755e+00
1.58177116e+00
1.63878673e+00
1.70321648e+00
1.77222266e+00
1.83873868e+00
1.89617003e+00
1.96168462e+00
2.01315701e+00
2.07234671e+00
2.13678194e+00
2.20278214e+00
2.26206259e+00
2.31612631e+00
2.36610340e+00
2.40748049e+00
2.66145893e+00
2.68208250e+00
2.70653730e+00
2.74439609e+00
2.78907605e+00
2.93115371e+00
2.97301393e+00
3.00754682e+00
3.04108551e+00
3.09467002e+00
3.11745834e+00
3.15550697e+00
3.49607000e+00
3.54702370e+00
3.55433973e+00
3.62315773e+00
3.67503719e+00
3.68696156e+00
3.73063283e+00
3.76858575e+00
3.80121052e+00
3.86466975e+00
3.90983116e+00
3.94146583e+00
3.98878056e+00
4.01231205e+00
4.04919600e+00
4.07779340e+00
4.10686596e+00
4.14075441e+00
4.18330878e+00
4.20841465e+00
4.24063426e+00
4.27007959e+00
4.30001691e+00
4.31786985e+00
4.33674224e+00
4.35896765e+00
4.38817855e+00
4.38885762e+00
4.43377134e+00
4.47741536e+00
4.48114314e+00
4.48238293e+00
4.48565898e+00
4.74902633e+00
4.74902633e+00
