9.01953737e-03
2.23295351e-02
2.27659081e-02
3.57695575e-02
4.40200461e-02
4.43114756e-02
5.75069313e-02
7.68533291e-02
8.96261651e-02
1.08755039e-01
1.11866557e-01
1.37399897e-01
1.41626403e-01
1.66128154e-01
1.93377700e-01
2.02143152e-01
2.23713749e-01
2.57340323e-01
2.79597961e-01
2.92778567e-01
3.31428444e-01
3.57792470e-01
3.86695339e-01
4.05236962e-01
4.30772685e-01
4.67361481e-01
4.94831720e-01
5.28931619e-01
5.58752970e-01
5.84616121e-01
6.15844989e-01
6.48818903e-01
6.82652264e-01
7.12424127e-01
7.44390105e-01
7.72749674e-01
8.08806872e-01
8.35015553e-01
8.66017035e-01
8.95838587e-01
9.26297466e-01
9.53169536e-01
9.79323746e-01
1.00276487e+00
1.02711392e+00
1.05445618e+00
1.07832059e+00
1.10263108e+00
1.12427834e+00
1.14645114e+00
1.16605543e+00
1.18548588e+00
1.20404652e+00
1.21865074e+00
1.23432486e+00
1.24921796e+00
1.25976220e+00
1.27031760e+00
1.28189434e+00
1.28901304e+00
1.29379763e+00
1.30189106e+00
1.30678767e+00
1.30829729e+00
