2.62551508e-02
3.30681952e-02
4.38927404e-02
5.57177511e-02
8.20248960e-02
1.00092495e-01
1.19594306e-01
1.31124324e-01
1.60315399e-01
1.84858154e-01
1.98977922e-01
2.37796807e-01
2.65080703e-01
3.24462142e-01
3.46934900e-01
3.90467492e-01
4.08760898e-01
4.81907627e-01
5.23943475e-01
5.68730690e-01
6.15935339e-01
6.70027658e-01
7.30293799e-01
7.81161186e-01
8.40449753e-01
9.01939539e-01
9.62502856e-01
1.00939206e+00
1.07797718e+00
1.14516937e+00
1.21415086e+00
1.29152602e+00
1.35023782e+00
1.41940394e+00
1.47443255e+00
1.56477420e+00
1.67602052e+00
1.73721074e+00
1.79467070e+00
1.86830781e+00
1.94363573e+00
2.00469751e+00
2.06750440e+00
2.14754009e+00
2.22922920e+00
2.31255549e+00
2.37581793e+00
2.45706434e+00
2.53211124e+00
2.57225923e+00
2.79449581e+00
2.81654267e+00
2.89046978e+00
2.94853864e+00
2.99655991e+00
3.04234115e+00
3.13680923e+00
3.17139047e+00
3.28381267e+00
3.30659773e+00
3.33206518e+00
3.63372472e+00
3.66665837e+00
3.68843857e+00
3.74425998e+00
3.77035552e+00
3.80911147e+00
3.88433494e+00
3.91002093e+00
3.96224378e+00
3.99088216e+00
4.01361559e+00
4.04202226e+00
4.06715687e+00
4.09527929e+00
4.12381193e+00
4.14844211e+00
4.16869658e+00
4.17360375e+00
4.24888505e+00
4.33237283e+00
4.34790066e+00
4.41320323e+00
4.51649903e+00
4.62329794e+00
4.62330487e+00
