1.17962726e-03
5.99642495e-03
1.05479457e-02
1.54645372e-02
2.01928409e-02
2.88635789e-02
2.94356077e-02
3.39680235e-02
4.75359784e-02
5.15531851e-02
5.47853816e-02
6.90165479e-02
7.13351357e-02
8.51542175e-02
8.88598616e-02
9.88937398e-02
1.09485257e-01
1.25805858e-01
1.39075080e-01
1.49516995e-01
1.56237253e-01
1.70067115e-01
1.89415667e-01
2.04694422e-01
2.16475324e-01
2.34270356e-01
2.47994052e-01
2.65604679e-01
2.86509727e-01
3.06839067e-01
3.23663800e-01
3.43811133e-01
3.57812164e-01
3.74866699e-01
4.02977386e-01
4.21895729e-01
4.37950932e-01
4.56063839e-01
4.77767137e-01
4.97278200e-01
5.19194775e-01
5.39503285e-01
5.58862258e-01
5.77545834e-01
5.99315570e-01
6.23214550e-01
6.48968472e-01
6.68023558e-01
6.89897982e-01
7.11185581e-01
7.28525618e-01
7.53047704e-01
7.73273030e-01
7.96294309e-01
8.17550112e-01
8.37645692e-01
8.58570729e-01
8.79712540e-01
8.98722692e-01
9.19179664e-01
9.39169956e-01
9.57150376e-01
9.75932486e-01
9.96668411e-01
1.00919287e+00
1.02703581e+00
1.04584639e+00
1.06277144e+00
1.07888842e+00
1.09537680e+00
1.11163004e+00
1.12621729e+00
1.14165610e+00
1.15648080e+00
1.16914680e+00
1.18351555e+00
1.19649999e+00
1.20953971e+00
1.21958797e+00
1.23058072e+00
1.24085934e+00
1.25099214e+00
1.25930281e+00
1.26670685e+00
1.27511968e+00
1.28419733e+00
1.28915156e+00
1.29347261e+00
1.30104560e+00
1.30482372e+00
1.30744256e+00
1.31080627e+00
1.31494115e+00
1.31843524e+00
1.33669663e+00
